 X_o = [[ 1.70169602e+00 -0.00000000e+00  5.61270635e+02  1.24307166e+03
   1.20917022e-01  1.37014718e-01  0.00000000e+00  0.00000000e+00]
 [ 1.70169602e+00 -0.00000000e+00  5.61270635e+02  1.24307166e+03
   1.12855253e-01  1.31504203e-01  0.00000000e+00  0.00000000e+00]
 [ 1.70169602e+00 -0.00000000e+00  5.61270635e+02  1.24307166e+03
   1.24577050e-01  1.30767435e-01  0.00000000e+00  0.00000000e+00]
 [ 1.70169602e+00 -0.00000000e+00  5.61270635e+02  1.24307166e+03
   1.27176101e-01  1.44743770e-01  0.00000000e+00  0.00000000e+00]
 [ 1.70169602e+00 -0.00000000e+00  5.61270635e+02  1.24307166e+03
   1.25106589e-01  1.31894814e-01  0.00000000e+00  0.00000000e+00]
 [ 1.70169602e+00 -0.00000000e+00  5.61270635e+02  1.24307166e+03
   1.10169850e-01  1.38058144e-01  0.00000000e+00  0.00000000e+00]
 [ 1.70169602e+00 -0.00000000e+00  5.61270635e+02  1.24307166e+03
   1.26354210e-01  1.22502224e-01  0.00000000e+00  0.00000000e+00]
 [ 1.70169602e+00 -0.00000000e+00  5.61270635e+02  1.24307166e+03
   1.06261434e-01  1.37284524e-01  0.00000000e+00  0.00000000e+00]
 [ 1.70169602e+00 -0.00000000e+00  5.61270635e+02  1.24307166e+03
   1.18481847e-01  1.33290876e-01  0.00000000e+00  0.00000000e+00]
 [ 1.70169602e+00 -0.00000000e+00  5.61270635e+02  1.24307166e+03
   1.34609003e-01  1.49062420e-01  0.00000000e+00  0.00000000e+00]
 [ 1.70169602e+00 -0.00000000e+00  5.61270635e+02  1.24307166e+03
   1.20990612e-01  1.34873591e-01  0.00000000e+00  0.00000000e+00]
 [ 1.70169602e+00 -0.00000000e+00  5.61270635e+02  1.24307166e+03
   1.25274734e-01  1.29128682e-01  0.00000000e+00  0.00000000e+00]
 [ 1.70169602e+00 -0.00000000e+00  5.61270635e+02  1.24307166e+03
   9.31230679e-02  1.15087940e-01  0.00000000e+00  0.00000000e+00]
 [ 1.70169602e+00 -0.00000000e+00  5.61270635e+02  1.24307166e+03
   1.26802982e-01  1.21878636e-01  0.00000000e+00  0.00000000e+00]
 [ 1.70169602e+00 -0.00000000e+00  5.61270635e+02  1.24307166e+03
   1.21026623e-01  1.35150101e-01  0.00000000e+00  0.00000000e+00]
 [ 1.70169602e+00 -0.00000000e+00  5.61270635e+02  1.24307166e+03
   1.18092889e-01  1.31989597e-01  0.00000000e+00  0.00000000e+00]
 [ 1.70169602e+00 -0.00000000e+00  5.61270635e+02  1.24307166e+03
   1.22510054e-01  1.34995064e-01  0.00000000e+00  0.00000000e+00]
 [ 1.70169602e+00 -0.00000000e+00  5.61270635e+02  1.24307166e+03
   1.14696318e-01  1.29293717e-01  0.00000000e+00  0.00000000e+00]
 [ 1.70169602e+00 -0.00000000e+00  5.61270635e+02  1.24307166e+03
   1.26042891e-01  1.22870351e-01  0.00000000e+00  0.00000000e+00]
 [ 1.70169602e+00 -0.00000000e+00  5.61270635e+02  1.24307166e+03
   1.23341211e-01  1.28945360e-01  0.00000000e+00  0.00000000e+00]
 [ 1.70169602e+00 -0.00000000e+00  5.61270635e+02  1.24307166e+03
   1.08749790e-01  1.31584358e-01  0.00000000e+00  0.00000000e+00]
 [ 1.70169602e+00 -0.00000000e+00  5.61270635e+02  1.24307166e+03
   1.17927422e-01  1.36874395e-01  0.00000000e+00  0.00000000e+00]
 [ 1.70169602e+00 -0.00000000e+00  5.61270635e+02  1.24307166e+03
   1.18988297e-01  1.38998725e-01  0.00000000e+00  0.00000000e+00]
 [ 1.70169602e+00 -0.00000000e+00  5.61270635e+02  1.24307166e+03
   1.25171290e-01  1.36297675e-01  0.00000000e+00  0.00000000e+00][ 1.70169602e+00 -0.00000000e+00  5.61270635e+02  1.24307166e+03
   1.22049533e-01  1.37873376e-01  0.00000000e+00  0.00000000e+00]
 [ 1.70169602e+00 -0.00000000e+00  5.61270635e+02  1.24307166e+03
   1.24720858e-01  1.34266152e-01  0.00000000e+00  0.00000000e+00]
 [ 1.70169602e+00 -0.00000000e+00  5.61270635e+02  1.24307166e+03
   1.22447630e-01  1.36570109e-01  0.00000000e+00  0.00000000e+00]
 [ 1.70169602e+00 -0.00000000e+00  5.61270635e+02  1.24307166e+03
   1.34964205e-01  1.17288546e-01  0.00000000e+00  0.00000000e+00]
 [ 1.70169602e+00 -0.00000000e+00  5.61270635e+02  1.24307166e+03
   1.24159985e-01  1.34813158e-01  0.00000000e+00  0.00000000e+00]
 [ 1.70169602e+00 -0.00000000e+00  5.61270635e+02  1.24307166e+03
   1.24970018e-01  1.42616146e-01  0.00000000e+00  0.00000000e+00]
 [ 1.70169602e+00 -0.00000000e+00  5.61270635e+02  1.24307166e+03
   1.24429009e-01  1.41508347e-01  0.00000000e+00  0.00000000e+00]
 [ 1.70169602e+00 -0.00000000e+00  5.61270635e+02  1.24307166e+03
   1.22742703e-01  1.36513030e-01  0.00000000e+00  0.00000000e+00]
 [ 1.70169602e+00 -0.00000000e+00  5.61270635e+02  1.24307166e+03
   1.22883297e-01  1.37373865e-01  0.00000000e+00  0.00000000e+00]
 [ 1.70169602e+00 -0.00000000e+00  5.61270635e+02  1.24307166e+03
   1.23359542e-01  1.32854699e-01  0.00000000e+00  0.00000000e+00]
 [ 1.70169602e+00 -0.00000000e+00  5.61270635e+02  1.24307166e+03
   1.11851895e-01  1.34774318e-01  0.00000000e+00  0.00000000e+00]
 [ 1.70169602e+00 -0.00000000e+00  5.61270635e+02  1.24307166e+03
   1.11282914e-01  1.37573858e-01  0.00000000e+00  0.00000000e+00]
 [ 1.70169602e+00 -0.00000000e+00  5.61270635e+02  1.24307166e+03
   1.02195111e-01  1.46372656e-01  0.00000000e+00  0.00000000e+00]
 [ 1.70169602e+00 -0.00000000e+00  5.61270635e+02  1.24307166e+03
   1.23584880e-01  1.23478350e-01  0.00000000e+00  0.00000000e+00]
 [ 1.70169602e+00 -0.00000000e+00  5.61270635e+02  1.24307166e+03
   1.24821508e-01  1.29846888e-01  0.00000000e+00  0.00000000e+00]
 [ 1.70169602e+00 -0.00000000e+00  5.61270635e+02  1.24307166e+03
   1.20438889e-01  1.29796925e-01  0.00000000e+00  0.00000000e+00]
 [ 1.70169602e+00 -0.00000000e+00  5.61270635e+02  1.24307166e+03
   1.25145228e-01  1.29352153e-01  0.00000000e+00  0.00000000e+00]
 [ 1.70169602e+00 -0.00000000e+00  5.61270635e+02  1.24307166e+03
   1.22555043e-01  1.38537112e-01  0.00000000e+00  0.00000000e+00]
 [ 1.70169602e+00 -0.00000000e+00  5.61270635e+02  1.24307166e+03
   1.24873000e-01  1.33054287e-01  0.00000000e+00  0.00000000e+00]
 [ 1.70169602e+00 -0.00000000e+00  5.61270635e+02  1.24307166e+03
   1.05875122e-01  1.31126223e-01  0.00000000e+00  0.00000000e+00][ 1.70169602e+00 -0.00000000e+00  5.61270635e+02  1.24307166e+03
   1.22320112e-01  1.43426082e-01  0.00000000e+00  0.00000000e+00]
 [ 1.70169602e+00 -0.00000000e+00  5.61270635e+02  1.24307166e+03
   1.05361751e-01  1.36902176e-01  0.00000000e+00  0.00000000e+00]
 [ 1.70169602e+00 -0.00000000e+00  5.61270635e+02  1.24307166e+03
   1.18828513e-01  1.37931707e-01  0.00000000e+00  0.00000000e+00]
 [ 1.70169602e+00 -0.00000000e+00  5.61270635e+02  1.24307166e+03
   1.19204005e-01  1.38657243e-01  0.00000000e+00  0.00000000e+00]
 [ 1.70169602e+00 -0.00000000e+00  5.61270635e+02  1.24307166e+03
   1.11840262e-01  1.28918820e-01  0.00000000e+00  0.00000000e+00]
 [ 1.70169602e+00 -0.00000000e+00  5.61270635e+02  1.24307166e+03
   1.14273214e-01  1.31501326e-01  0.00000000e+00  0.00000000e+00]
 [ 1.70169602e+00 -0.00000000e+00  5.61270635e+02  1.24307166e+03
   1.34692352e-01  1.14566750e-01  0.00000000e+00  0.00000000e+00]
 [ 1.70169602e+00 -0.00000000e+00  5.61270635e+02  1.24307166e+03
   1.22563073e-01  1.38968015e-01  0.00000000e+00  0.00000000e+00]
 [ 1.70169602e+00 -0.00000000e+00  5.61270635e+02  1.24307166e+03
   1.25218291e-01  1.30197472e-01  0.00000000e+00  0.00000000e+00]
 [ 1.70169602e+00 -0.00000000e+00  5.61270635e+02  1.24307166e+03
   1.25429166e-01  1.37555910e-01  0.00000000e+00  0.00000000e+00]
 [ 1.70169602e+00 -0.00000000e+00  5.61270635e+02  1.24307166e+03
   1.26268980e-01  1.39402375e-01  0.00000000e+00  0.00000000e+00]
 [ 1.70169602e+00 -0.00000000e+00  5.61270635e+02  1.24307166e+03
   1.13910578e-01  1.29277457e-01  0.00000000e+00  0.00000000e+00]
 [ 1.70169602e+00 -0.00000000e+00  5.61270635e+02  1.24307166e+03
   1.32830204e-01  1.19236088e-01  0.00000000e+00  0.00000000e+00]
 [ 1.70169602e+00 -0.00000000e+00  5.61270635e+02  1.24307166e+03
   1.31871450e-01  1.20478790e-01  0.00000000e+00  0.00000000e+00]
 [ 1.70169602e+00 -0.00000000e+00  5.61270635e+02  1.24307166e+03
   1.22316494e-01  1.34229051e-01  0.00000000e+00  0.00000000e+00]
 [ 1.70169602e+00 -0.00000000e+00  5.61270635e+02  1.24307166e+03
   1.11450062e-01  1.31106789e-01  0.00000000e+00  0.00000000e+00]
 [ 1.70169602e+00 -0.00000000e+00  5.61270635e+02  1.24307166e+03
   1.07874866e-01  1.33244945e-01  0.00000000e+00  0.00000000e+00]
 [ 1.70169602e+00 -0.00000000e+00  5.61270635e+02  1.24307166e+03
   1.23731757e-01  1.27600243e-01  0.00000000e+00  0.00000000e+00]
 [ 1.70169602e+00 -0.00000000e+00  5.61270635e+02  1.24307166e+03
   1.33461424e-01  1.49368875e-01  0.00000000e+00  0.00000000e+00]
 [ 1.70169602e+00 -0.00000000e+00  5.61270635e+02  1.24307166e+03
   1.23809595e-01  1.43108804e-01  0.00000000e+00  0.00000000e+00][ 1.70169602e+00 -0.00000000e+00  5.61270635e+02  1.24307166e+03
   1.11233176e-01  1.37794614e-01  0.00000000e+00  0.00000000e+00]
 [ 1.70169602e+00 -0.00000000e+00  5.61270635e+02  1.24307166e+03
   1.14501734e-01  1.36819628e-01  0.00000000e+00  0.00000000e+00]
 [ 1.70169602e+00 -0.00000000e+00  5.61270635e+02  1.24307166e+03
   1.19492407e-01  1.26209193e-01  0.00000000e+00  0.00000000e+00]
 [ 1.70169602e+00 -0.00000000e+00  5.61270635e+02  1.24307166e+03
   1.25093820e-01  1.25161179e-01  0.00000000e+00  0.00000000e+00]
 [ 1.70169602e+00 -0.00000000e+00  5.61270635e+02  1.24307166e+03
   1.13714332e-01  1.37336362e-01  0.00000000e+00  0.00000000e+00]
 [ 1.70169602e+00 -0.00000000e+00  5.61270635e+02  1.24307166e+03
   1.22609223e-01  1.41065937e-01  0.00000000e+00  0.00000000e+00]
 [ 1.70169602e+00 -0.00000000e+00  5.61270635e+02  1.24307166e+03
   1.26794471e-01  1.40393571e-01  0.00000000e+00  0.00000000e+00]
 [ 1.70169602e+00 -0.00000000e+00  5.61270635e+02  1.24307166e+03
   1.19350455e-01  1.29967099e-01  0.00000000e+00  0.00000000e+00]
 [ 1.70169602e+00 -0.00000000e+00  5.61270635e+02  1.24307166e+03
   1.24341659e-01  1.42053840e-01  0.00000000e+00  0.00000000e+00]
 [ 1.70169602e+00 -0.00000000e+00  5.61270635e+02  1.24307166e+03
   1.12855616e-01  1.38089693e-01  0.00000000e+00  0.00000000e+00]
 [ 1.70169602e+00 -0.00000000e+00  5.61270635e+02  1.24307166e+03
   1.06066322e-01  1.31807436e-01  0.00000000e+00  0.00000000e+00]
 [ 1.70169602e+00 -0.00000000e+00  5.61270635e+02  1.24307166e+03
   1.25629460e-01  1.43793743e-01  0.00000000e+00  0.00000000e+00]
 [ 1.70169602e+00 -0.00000000e+00  5.61270635e+02  1.24307166e+03
   1.15113676e-01  1.26268481e-01  0.00000000e+00  0.00000000e+00]
 [ 1.70169602e+00 -0.00000000e+00  5.61270635e+02  1.24307166e+03
   1.21152603e-01  1.26897467e-01  0.00000000e+00  0.00000000e+00]
 [ 1.70169602e+00 -0.00000000e+00  5.61270635e+02  1.24307166e+03
   1.24235748e-01  1.29401111e-01  0.00000000e+00  0.00000000e+00]
 [ 1.70169602e+00 -0.00000000e+00  5.61270635e+02  1.24307166e+03
   1.20696624e-01  1.40516359e-01  0.00000000e+00  0.00000000e+00]
 [ 1.70169602e+00 -0.00000000e+00  5.61270635e+02  1.24307166e+03
   1.17376305e-01  1.33981910e-01  0.00000000e+00  0.00000000e+00]
 [ 1.70169602e+00 -0.00000000e+00  5.61270635e+02  1.24307166e+03
   1.20941766e-01  1.42457175e-01  0.00000000e+00  0.00000000e+00]
 [ 1.70169602e+00 -0.00000000e+00  5.61270635e+02  1.24307166e+03
   1.23020694e-01  1.31090306e-01  0.00000000e+00  0.00000000e+00]
 [ 1.70169602e+00 -0.00000000e+00  5.61270635e+02  1.24307166e+03
   1.15763672e-01  1.27972850e-01  0.00000000e+00  0.00000000e+00] [ 1.70169602e+00 -0.00000000e+00  5.61270635e+02  1.24307166e+03
   1.25862234e-01  1.21785241e-01  0.00000000e+00  0.00000000e+00]
 [ 1.70169602e+00 -0.00000000e+00  5.61270635e+02  1.24307166e+03
   1.04594258e-01  1.40574431e-01  0.00000000e+00  0.00000000e+00]
 [ 1.70169602e+00 -0.00000000e+00  5.61270635e+02  1.24307166e+03
   1.19554388e-01  1.32423594e-01  0.00000000e+00  0.00000000e+00]
 [ 1.70169602e+00 -0.00000000e+00  5.61270635e+02  1.24307166e+03
   1.28755465e-01  1.22021918e-01  0.00000000e+00  0.00000000e+00]
 [ 1.70169602e+00 -0.00000000e+00  5.61270635e+02  1.24307166e+03
   1.21259441e-01  1.27563483e-01  0.00000000e+00  0.00000000e+00]
 [ 1.70169602e+00 -0.00000000e+00  5.61270635e+02  1.24307166e+03
   1.25240844e-01  1.28155056e-01  0.00000000e+00  0.00000000e+00]
 [ 1.70169602e+00 -0.00000000e+00  5.61270635e+02  1.24307166e+03
   1.24714760e-01  1.41481639e-01  0.00000000e+00  0.00000000e+00]
 [ 1.70169602e+00 -0.00000000e+00  5.61270635e+02  1.24307166e+03
   1.13347753e-01  1.29238337e-01  0.00000000e+00  0.00000000e+00]
 [ 1.70169602e+00 -0.00000000e+00  5.61270635e+02  1.24307166e+03
   1.03056116e-01  1.26205737e-01  0.00000000e+00  0.00000000e+00]
 [ 1.70169602e+00 -0.00000000e+00  5.61270635e+02  1.24307166e+03
   1.25282487e-01  1.24671798e-01  0.00000000e+00  0.00000000e+00]
 [ 1.70169602e+00 -0.00000000e+00  5.61270635e+02  1.24307166e+03
   1.17257211e-01  1.26363452e-01  0.00000000e+00  0.00000000e+00]]
U_o = [[0.52923615 0.62011391]
 [0.52958579 0.62054662]
 [0.53076897 0.62077352]
 [0.53236402 0.62323083]
 [0.53106614 0.62044508]
 [0.53098965 0.62027583]
 [0.53182584 0.6269476 ]
 [0.53452242 0.62014776]
 [0.52879837 0.62018141]
 [0.5368294  0.62654831]
 [0.52925697 0.62003894]
 [0.53116385 0.62145302]
 [0.56165913 0.63899932]
 [0.53211656 0.62770968]
 [0.52926732 0.62002987]
 [0.52877408 0.62042235]
 [0.52978253 0.6200343 ]
 [0.52905029 0.62137328][0.53162917 0.62651839]
 [0.5301438  0.62154464]
 [0.53205982 0.62052474]
 [0.52876753 0.6200985 ]
 [0.52884883 0.62049363]
 [0.53110355 0.62005091]
 [0.52960434 0.62024106]
 [0.53084804 0.62007674]
 [0.52975744 0.62007025]
 [0.53691307 0.63472245]
 [0.53054687 0.62004162]
 [0.53098793 0.62195059]
 [0.53068889 0.6214031 ]
 [0.52987859 0.62006573]
 [0.52993858 0.6201602 ]
 [0.53015233 0.62024792]
 [0.53001929 0.62004347]
 [0.53031257 0.62019027]
 [0.54026679 0.62438899]
 [0.53025902 0.6258428 ]
 [0.53090411 0.62112472]
 [0.52911153 0.62114599]
 [0.53108845 0.62134566]
 [0.52980079 0.62037823]
 [0.53093303 0.62021579]
 [0.5349744  0.62065715]
 [0.52970709 0.62240397]
 [0.53560478 0.62010143]
 [0.5288306  0.62025175]
 [0.52887682 0.62040669]
 [0.53002494 0.62155817]
 [0.52914532 0.62054741]
 [0.53685122 0.6401027 ]
 [0.52980407 0.62048544]
 [0.53113088 0.62098189]
 [0.53125496 0.62018744]
 [0.53177157 0.62060791]
 [0.52923967 0.62138102]
 [0.53610223 0.63143934]
 [0.53555597 0.62958334][0.52970568 0.6200798 ]
 [0.53022277 0.62066316]
 [0.53283862 0.62018777]
 [0.53033044 0.62231695]
 [0.53641068 0.62680699]
 [0.53036888 0.62222119]
 [0.53033988 0.62022703]
 [0.52909202 0.6200929 ]
 [0.5289203  0.62330665]
 [0.53105878 0.62418517]
 [0.52929585 0.6201549 ]
 [0.52982299 0.62120883]
 [0.53211097 0.62094104]
 [0.52889803 0.62107447]
 [0.53064227 0.62166194]
 [0.52958565 0.62028204]
 [0.53474831 0.62046669]
 [0.53137501 0.62262389]
 [0.52897168 0.6232604 ]
 [0.52930435 0.6227922 ]
 [0.5305864  0.62132277]
 [0.52917639 0.62098745]
 [0.5287618  0.62010201]
 [0.5292431  0.62186678]
 [0.52999858 0.62066829]
 [0.52887673 0.62208516]
 [0.53151709 0.62782763]
 [0.53661136 0.62100979]
 [0.52893054 0.62032753]
 [0.53345154 0.62753065]
 [0.52933675 0.62234057]
 [0.53114403 0.62197683]
 [0.53084466 0.62139097]
 [0.52941069 0.62139975]
 [0.53886479 0.62330936]
 [0.5311684  0.62463547]
 [0.52876377 0.62318708]]
sigma = 0.0003125, mu = 0
